
julia> include("example/RSC_remove_single_hole.jl")
[ Info: PRECOMPILE DONE...
-------------------------------------------------------------------
[ Info: Initialization Stage
d,q_h,res,nq,all,init,config,cons_gen,cons_sol
X_nbr: Vector{Any}[[2, 3, 9, 10], [4, 5, 11, 12], [6, 7, 13, 14], [8, 9, 15, 16], [10, 11, 17, 18], [12, 13, 19, 20], [16, 17, 23, 24], [18, 19, 25, 26], [20, 21, 27, 28], [22, 23, 29, 30], [24, 25, 31, 32], [26, 27, 33, 34], [30, 31, 37, 38], [32, 33, 39, 40], [34, 35, 41, 42], [36, 37, 43, 44], [38, 39, 45, 46], [40, 41, 47, 48], [44, 45, 51, 52], [46, 47, 53, 54], [48, 49, 55, 56], [50, 51, 57, 58], [52, 53, 59, 60], [54, 55, 61, 62], [58, 59, 65, 66], [60, 61, 67, 68], [62, 63, 69, 70], [64, 65, 71, 72], [66, 67, 73, 74], [68, 69, 75, 76], [72, 73, 79, 80], [74, 75, 81, 82], [76, 77, 83, 84], [78, 79, 85, 86], [80, 81, 87, 88], [82, 83, 89, 90], [1, 2], [3, 4], [5, 6], [86, 87], [88, 89], [90, 91]]
Z_nbr: Vector{Any}[[1, 2, 8, 9], [3, 4, 10, 11], [5, 6, 12, 13], [9, 10, 16, 17], [11, 12, 18, 19], [13, 14, 20, 21], [15, 16, 22, 23], [17, 18, 24, 25], [19, 20, 26, 27], [23, 24, 30, 31], [25, 26, 32, 33], [27, 28, 34, 35], [29, 30, 36, 37], [31, 32, 38, 39], [33, 34, 40, 41], [37, 38, 44, 45], [39, 40, 46, 47], [41, 42, 48, 49], [43, 44, 50, 51], [45, 46, 52, 53], [47, 48, 54, 55], [51, 52, 58, 59], [53, 54, 60, 61], [55, 56, 62, 63], [57, 58, 64, 65], [59, 60, 66, 67], [61, 62, 68, 69], [65, 66, 72, 73], [67, 68, 74, 75], [69, 70, 76, 77], [71, 72, 78, 79], [73, 74, 80, 81], [75, 76, 82, 83], [79, 80, 86, 87], [81, 82, 88, 89], [83, 84, 90, 91], [8, 21], [22, 35], [36, 49], [50, 63], [64, 77], [78, 91], [7, 20], [21, 34], [35, 48], [49, 62], [63, 76], [77, 90]]
Col deletion:: hole = 1, Ranks-AB: 91, 91
LX + Col deletion:: , hole = 1, Ranks-KL: 90, 90
YAY: hole = 1, Ranks-(Orig,Lx_C): 91, 90
X_nbr_new: Vector{Any}[[1, 2, 8, 9], [3, 4, 10, 11], [5, 6, 12, 13], [7, 8, 14, 15], [9, 10, 16, 17], [11, 12, 18, 19], [15, 16, 22, 23], [17, 18, 24, 25], [19, 20, 26, 27], [21, 22, 28, 29], [23, 24, 30, 31], [25, 26, 32, 33], [29, 30, 36, 37], [31, 32, 38, 39], [33, 34, 40, 41], [35, 36, 42, 43], [37, 38, 44, 45], [39, 40, 46, 47], [43, 44, 50, 51], [45, 46, 52, 53], [47, 48, 54, 55], [49, 50, 56, 57], [51, 52, 58, 59], [53, 54, 60, 61], [57, 58, 64, 65], [59, 60, 66, 67], [61, 62, 68, 69], [63, 64, 70, 71], [65, 66, 72, 73], [67, 68, 74, 75], [71, 72, 78, 79], [73, 74, 80, 81], [75, 76, 82, 83], [77, 78, 84, 85], [79, 80, 86, 87], [81, 82, 88, 89], [1], [2, 3], [4, 5], [85, 86], [87, 88], [89, 90]]
Z_nbr_new: Vector{Any}[[1, 7, 8], [2, 3, 9, 10], [4, 5, 11, 12], [8, 9, 15, 16], [10, 11, 17, 18], [12, 13, 19, 20], [14, 15, 21, 22], [16, 17, 23, 24], [18, 19, 25, 26], [22, 23, 29, 30], [24, 25, 31, 32], [26, 27, 33, 34], [28, 29, 35, 36], [30, 31, 37, 38], [32, 33, 39, 40], [36, 37, 43, 44], [38, 39, 45, 46], [40, 41, 47, 48], [42, 43, 49, 50], [44, 45, 51, 52], [46, 47, 53, 54], [50, 51, 57, 58], [52, 53, 59, 60], [54, 55, 61, 62], [56, 57, 63, 64], [58, 59, 65, 66], [60, 61, 67, 68], [64, 65, 71, 72], [66, 67, 73, 74], [68, 69, 75, 76], [70, 71, 77, 78], [72, 73, 79, 80], [74, 75, 81, 82], [78, 79, 85, 86], [80, 81, 87, 88], [82, 83, 89, 90], [7, 20], [21, 34], [35, 48], [49, 62], [63, 76], [77, 90], [6, 19], [20, 33], [34, 47], [48, 61], [62, 75], [76, 89]]
[ Info: Configuration Init
Config stabilizer dims: 180x90
Expected Len(phases) = 180,; Got 180
[ Info: SMT constraint Generation
┌ Error: The Stabilizer does not match, the program is wrong even without error insertion
└ @ QuantumSE /home/manvi-agrawal/QuantumSE.jl/src/SymbolicStabilizer.jl:519
res after constraint Gen: false
[ Info: SMT Solver Stage
7, 1, false, 91, 0.7313308715820312, 0.015594959259033203, 0.7122550010681152, 0.0034809112548828125, 0.0
X_nbr: Vector{Any}[[2, 3, 9, 10], [4, 5, 11, 12], [6, 7, 13, 14], [8, 9, 15, 16], [10, 11, 17, 18], [12, 13, 19, 20], [16, 17, 23, 24], [18, 19, 25, 26], [20, 21, 27, 28], [22, 23, 29, 30], [24, 25, 31, 32], [26, 27, 33, 34], [30, 31, 37, 38], [32, 33, 39, 40], [34, 35, 41, 42], [36, 37, 43, 44], [38, 39, 45, 46], [40, 41, 47, 48], [44, 45, 51, 52], [46, 47, 53, 54], [48, 49, 55, 56], [50, 51, 57, 58], [52, 53, 59, 60], [54, 55, 61, 62], [58, 59, 65, 66], [60, 61, 67, 68], [62, 63, 69, 70], [64, 65, 71, 72], [66, 67, 73, 74], [68, 69, 75, 76], [72, 73, 79, 80], [74, 75, 81, 82], [76, 77, 83, 84], [78, 79, 85, 86], [80, 81, 87, 88], [82, 83, 89, 90], [1, 2], [3, 4], [5, 6], [86, 87], [88, 89], [90, 91]]
Z_nbr: Vector{Any}[[1, 2, 8, 9], [3, 4, 10, 11], [5, 6, 12, 13], [9, 10, 16, 17], [11, 12, 18, 19], [13, 14, 20, 21], [15, 16, 22, 23], [17, 18, 24, 25], [19, 20, 26, 27], [23, 24, 30, 31], [25, 26, 32, 33], [27, 28, 34, 35], [29, 30, 36, 37], [31, 32, 38, 39], [33, 34, 40, 41], [37, 38, 44, 45], [39, 40, 46, 47], [41, 42, 48, 49], [43, 44, 50, 51], [45, 46, 52, 53], [47, 48, 54, 55], [51, 52, 58, 59], [53, 54, 60, 61], [55, 56, 62, 63], [57, 58, 64, 65], [59, 60, 66, 67], [61, 62, 68, 69], [65, 66, 72, 73], [67, 68, 74, 75], [69, 70, 76, 77], [71, 72, 78, 79], [73, 74, 80, 81], [75, 76, 82, 83], [79, 80, 86, 87], [81, 82, 88, 89], [83, 84, 90, 91], [8, 21], [22, 35], [36, 49], [50, 63], [64, 77], [78, 91], [7, 20], [21, 34], [35, 48], [49, 62], [63, 76], [77, 90]]
Col deletion:: hole = 2, Ranks-AB: 91, 91
LX + Col deletion:: , hole = 2, Ranks-KL: 90, 90
YAY: hole = 2, Ranks-(Orig,Lx_C): 91, 90
X_nbr_new: Vector{Any}[[2, 8, 9], [3, 4, 10, 11], [5, 6, 12, 13], [7, 8, 14, 15], [9, 10, 16, 17], [11, 12, 18, 19], [15, 16, 22, 23], [17, 18, 24, 25], [19, 20, 26, 27], [21, 22, 28, 29], [23, 24, 30, 31], [25, 26, 32, 33], [29, 30, 36, 37], [31, 32, 38, 39], [33, 34, 40, 41], [35, 36, 42, 43], [37, 38, 44, 45], [39, 40, 46, 47], [43, 44, 50, 51], [45, 46, 52, 53], [47, 48, 54, 55], [49, 50, 56, 57], [51, 52, 58, 59], [53, 54, 60, 61], [57, 58, 64, 65], [59, 60, 66, 67], [61, 62, 68, 69], [63, 64, 70, 71], [65, 66, 72, 73], [67, 68, 74, 75], [71, 72, 78, 79], [73, 74, 80, 81], [75, 76, 82, 83], [77, 78, 84, 85], [79, 80, 86, 87], [81, 82, 88, 89], [1], [2, 3], [4, 5], [85, 86], [87, 88], [89, 90]]
Z_nbr_new: Vector{Any}[[1, 7, 8], [2, 3, 9, 10], [4, 5, 11, 12], [8, 9, 15, 16], [10, 11, 17, 18], [12, 13, 19, 20], [14, 15, 21, 22], [16, 17, 23, 24], [18, 19, 25, 26], [22, 23, 29, 30], [24, 25, 31, 32], [26, 27, 33, 34], [28, 29, 35, 36], [30, 31, 37, 38], [32, 33, 39, 40], [36, 37, 43, 44], [38, 39, 45, 46], [40, 41, 47, 48], [42, 43, 49, 50], [44, 45, 51, 52], [46, 47, 53, 54], [50, 51, 57, 58], [52, 53, 59, 60], [54, 55, 61, 62], [56, 57, 63, 64], [58, 59, 65, 66], [60, 61, 67, 68], [64, 65, 71, 72], [66, 67, 73, 74], [68, 69, 75, 76], [70, 71, 77, 78], [72, 73, 79, 80], [74, 75, 81, 82], [78, 79, 85, 86], [80, 81, 87, 88], [82, 83, 89, 90], [7, 20], [21, 34], [35, 48], [49, 62], [63, 76], [77, 90], [6, 19], [20, 33], [34, 47], [48, 61], [62, 75], [76, 89]]
[ Info: Configuration Init
Config stabilizer dims: 180x90
Expected Len(phases) = 180,; Got 180
[ Info: SMT constraint Generation
┌ Error: The Stabilizer does not match, the program is wrong even without error insertion
└ @ QuantumSE /home/manvi-agrawal/QuantumSE.jl/src/SymbolicStabilizer.jl:519
res after constraint Gen: false
[ Info: SMT Solver Stage
7, 2, false, 91, 0.381544828414917, 0.00642085075378418, 0.37210607528686523, 0.003017902374267578, 0.0
X_nbr: Vector{Any}[[2, 3, 9, 10], [4, 5, 11, 12], [6, 7, 13, 14], [8, 9, 15, 16], [10, 11, 17, 18], [12, 13, 19, 20], [16, 17, 23, 24], [18, 19, 25, 26], [20, 21, 27, 28], [22, 23, 29, 30], [24, 25, 31, 32], [26, 27, 33, 34], [30, 31, 37, 38], [32, 33, 39, 40], [34, 35, 41, 42], [36, 37, 43, 44], [38, 39, 45, 46], [40, 41, 47, 48], [44, 45, 51, 52], [46, 47, 53, 54], [48, 49, 55, 56], [50, 51, 57, 58], [52, 53, 59, 60], [54, 55, 61, 62], [58, 59, 65, 66], [60, 61, 67, 68], [62, 63, 69, 70], [64, 65, 71, 72], [66, 67, 73, 74], [68, 69, 75, 76], [72, 73, 79, 80], [74, 75, 81, 82], [76, 77, 83, 84], [78, 79, 85, 86], [80, 81, 87, 88], [82, 83, 89, 90], [1, 2], [3, 4], [5, 6], [86, 87], [88, 89], [90, 91]]
Z_nbr: Vector{Any}[[1, 2, 8, 9], [3, 4, 10, 11], [5, 6, 12, 13], [9, 10, 16, 17], [11, 12, 18, 19], [13, 14, 20, 21], [15, 16, 22, 23], [17, 18, 24, 25], [19, 20, 26, 27], [23, 24, 30, 31], [25, 26, 32, 33], [27, 28, 34, 35], [29, 30, 36, 37], [31, 32, 38, 39], [33, 34, 40, 41], [37, 38, 44, 45], [39, 40, 46, 47], [41, 42, 48, 49], [43, 44, 50, 51], [45, 46, 52, 53], [47, 48, 54, 55], [51, 52, 58, 59], [53, 54, 60, 61], [55, 56, 62, 63], [57, 58, 64, 65], [59, 60, 66, 67], [61, 62, 68, 69], [65, 66, 72, 73], [67, 68, 74, 75], [69, 70, 76, 77], [71, 72, 78, 79], [73, 74, 80, 81], [75, 76, 82, 83], [79, 80, 86, 87], [81, 82, 88, 89], [83, 84, 90, 91], [8, 21], [22, 35], [36, 49], [50, 63], [64, 77], [78, 91], [7, 20], [21, 34], [35, 48], [49, 62], [63, 76], [77, 90]]
Col deletion:: hole = 3, Ranks-AB: 91, 91
LX + Col deletion:: , hole = 3, Ranks-KL: 90, 90
YAY: hole = 3, Ranks-(Orig,Lx_C): 91, 90
X_nbr_new: Vector{Any}[[2, 8, 9], [3, 4, 10, 11], [5, 6, 12, 13], [7, 8, 14, 15], [9, 10, 16, 17], [11, 12, 18, 19], [15, 16, 22, 23], [17, 18, 24, 25], [19, 20, 26, 27], [21, 22, 28, 29], [23, 24, 30, 31], [25, 26, 32, 33], [29, 30, 36, 37], [31, 32, 38, 39], [33, 34, 40, 41], [35, 36, 42, 43], [37, 38, 44, 45], [39, 40, 46, 47], [43, 44, 50, 51], [45, 46, 52, 53], [47, 48, 54, 55], [49, 50, 56, 57], [51, 52, 58, 59], [53, 54, 60, 61], [57, 58, 64, 65], [59, 60, 66, 67], [61, 62, 68, 69], [63, 64, 70, 71], [65, 66, 72, 73], [67, 68, 74, 75], [71, 72, 78, 79], [73, 74, 80, 81], [75, 76, 82, 83], [77, 78, 84, 85], [79, 80, 86, 87], [81, 82, 88, 89], [1, 2], [3], [4, 5], [85, 86], [87, 88], [89, 90]]
Z_nbr_new: Vector{Any}[[1, 2, 7, 8], [3, 9, 10], [4, 5, 11, 12], [8, 9, 15, 16], [10, 11, 17, 18], [12, 13, 19, 20], [14, 15, 21, 22], [16, 17, 23, 24], [18, 19, 25, 26], [22, 23, 29, 30], [24, 25, 31, 32], [26, 27, 33, 34], [28, 29, 35, 36], [30, 31, 37, 38], [32, 33, 39, 40], [36, 37, 43, 44], [38, 39, 45, 46], [40, 41, 47, 48], [42, 43, 49, 50], [44, 45, 51, 52], [46, 47, 53, 54], [50, 51, 57, 58], [52, 53, 59, 60], [54, 55, 61, 62], [56, 57, 63, 64], [58, 59, 65, 66], [60, 61, 67, 68], [64, 65, 71, 72], [66, 67, 73, 74], [68, 69, 75, 76], [70, 71, 77, 78], [72, 73, 79, 80], [74, 75, 81, 82], [78, 79, 85, 86], [80, 81, 87, 88], [82, 83, 89, 90], [7, 20], [21, 34], [35, 48], [49, 62], [63, 76], [77, 90], [6, 19], [20, 33], [34, 47], [48, 61], [62, 75], [76, 89]]
[ Info: Configuration Init
Config stabilizer dims: 180x90
Expected Len(phases) = 180,; Got 180
[ Info: SMT constraint Generation
┌ Error: The Stabilizer does not match, the program is wrong even without error insertion
└ @ QuantumSE /home/manvi-agrawal/QuantumSE.jl/src/SymbolicStabilizer.jl:519
res after constraint Gen: false
[ Info: SMT Solver Stage
7, 3, false, 91, 0.3732340335845947, 0.01954793930053711, 0.35013604164123535, 0.0035500526428222656, 0.0
X_nbr: Vector{Any}[[2, 3, 9, 10], [4, 5, 11, 12], [6, 7, 13, 14], [8, 9, 15, 16], [10, 11, 17, 18], [12, 13, 19, 20], [16, 17, 23, 24], [18, 19, 25, 26], [20, 21, 27, 28], [22, 23, 29, 30], [24, 25, 31, 32], [26, 27, 33, 34], [30, 31, 37, 38], [32, 33, 39, 40], [34, 35, 41, 42], [36, 37, 43, 44], [38, 39, 45, 46], [40, 41, 47, 48], [44, 45, 51, 52], [46, 47, 53, 54], [48, 49, 55, 56], [50, 51, 57, 58], [52, 53, 59, 60], [54, 55, 61, 62], [58, 59, 65, 66], [60, 61, 67, 68], [62, 63, 69, 70], [64, 65, 71, 72], [66, 67, 73, 74], [68, 69, 75, 76], [72, 73, 79, 80], [74, 75, 81, 82], [76, 77, 83, 84], [78, 79, 85, 86], [80, 81, 87, 88], [82, 83, 89, 90], [1, 2], [3, 4], [5, 6], [86, 87], [88, 89], [90, 91]]
Z_nbr: Vector{Any}[[1, 2, 8, 9], [3, 4, 10, 11], [5, 6, 12, 13], [9, 10, 16, 17], [11, 12, 18, 19], [13, 14, 20, 21], [15, 16, 22, 23], [17, 18, 24, 25], [19, 20, 26, 27], [23, 24, 30, 31], [25, 26, 32, 33], [27, 28, 34, 35], [29, 30, 36, 37], [31, 32, 38, 39], [33, 34, 40, 41], [37, 38, 44, 45], [39, 40, 46, 47], [41, 42, 48, 49], [43, 44, 50, 51], [45, 46, 52, 53], [47, 48, 54, 55], [51, 52, 58, 59], [53, 54, 60, 61], [55, 56, 62, 63], [57, 58, 64, 65], [59, 60, 66, 67], [61, 62, 68, 69], [65, 66, 72, 73], [67, 68, 74, 75], [69, 70, 76, 77], [71, 72, 78, 79], [73, 74, 80, 81], [75, 76, 82, 83], [79, 80, 86, 87], [81, 82, 88, 89], [83, 84, 90, 91], [8, 21], [22, 35], [36, 49], [50, 63], [64, 77], [78, 91], [7, 20], [21, 34], [35, 48], [49, 62], [63, 76], [77, 90]]
Col deletion:: hole = 4, Ranks-AB: 91, 91
LX + Col deletion:: , hole = 4, Ranks-KL: 90, 90
YAY: hole = 4, Ranks-(Orig,Lx_C): 91, 90
X_nbr_new: Vector{Any}[[2, 3, 8, 9], [4, 10, 11], [5, 6, 12, 13], [7, 8, 14, 15], [9, 10, 16, 17], [11, 12, 18, 19], [15, 16, 22, 23], [17, 18, 24, 25], [19, 20, 26, 27], [21, 22, 28, 29], [23, 24, 30, 31], [25, 26, 32, 33], [29, 30, 36, 37], [31, 32, 38, 39], [33, 34, 40, 41], [35, 36, 42, 43], [37, 38, 44, 45], [39, 40, 46, 47], [43, 44, 50, 51], [45, 46, 52, 53], [47, 48, 54, 55], [49, 50, 56, 57], [51, 52, 58, 59], [53, 54, 60, 61], [57, 58, 64, 65], [59, 60, 66, 67], [61, 62, 68, 69], [63, 64, 70, 71], [65, 66, 72, 73], [67, 68, 74, 75], [71, 72, 78, 79], [73, 74, 80, 81], [75, 76, 82, 83], [77, 78, 84, 85], [79, 80, 86, 87], [81, 82, 88, 89], [1, 2], [3], [4, 5], [85, 86], [87, 88], [89, 90]]
Z_nbr_new: Vector{Any}[[1, 2, 7, 8], [3, 9, 10], [4, 5, 11, 12], [8, 9, 15, 16], [10, 11, 17, 18], [12, 13, 19, 20], [14, 15, 21, 22], [16, 17, 23, 24], [18, 19, 25, 26], [22, 23, 29, 30], [24, 25, 31, 32], [26, 27, 33, 34], [28, 29, 35, 36], [30, 31, 37, 38], [32, 33, 39, 40], [36, 37, 43, 44], [38, 39, 45, 46], [40, 41, 47, 48], [42, 43, 49, 50], [44, 45, 51, 52], [46, 47, 53, 54], [50, 51, 57, 58], [52, 53, 59, 60], [54, 55, 61, 62], [56, 57, 63, 64], [58, 59, 65, 66], [60, 61, 67, 68], [64, 65, 71, 72], [66, 67, 73, 74], [68, 69, 75, 76], [70, 71, 77, 78], [72, 73, 79, 80], [74, 75, 81, 82], [78, 79, 85, 86], [80, 81, 87, 88], [82, 83, 89, 90], [7, 20], [21, 34], [35, 48], [49, 62], [63, 76], [77, 90], [6, 19], [20, 33], [34, 47], [48, 61], [62, 75], [76, 89]]
[ Info: Configuration Init
Config stabilizer dims: 180x90
Expected Len(phases) = 180,; Got 180
[ Info: SMT constraint Generation
┌ Error: The Stabilizer does not match, the program is wrong even without error insertion
└ @ QuantumSE /home/manvi-agrawal/QuantumSE.jl/src/SymbolicStabilizer.jl:519
res after constraint Gen: false
[ Info: SMT Solver Stage
7, 4, false, 91, 0.3772099018096924, 0.005278110504150391, 0.3671538829803467, 0.0047779083251953125, 0.0
X_nbr: Vector{Any}[[2, 3, 9, 10], [4, 5, 11, 12], [6, 7, 13, 14], [8, 9, 15, 16], [10, 11, 17, 18], [12, 13, 19, 20], [16, 17, 23, 24], [18, 19, 25, 26], [20, 21, 27, 28], [22, 23, 29, 30], [24, 25, 31, 32], [26, 27, 33, 34], [30, 31, 37, 38], [32, 33, 39, 40], [34, 35, 41, 42], [36, 37, 43, 44], [38, 39, 45, 46], [40, 41, 47, 48], [44, 45, 51, 52], [46, 47, 53, 54], [48, 49, 55, 56], [50, 51, 57, 58], [52, 53, 59, 60], [54, 55, 61, 62], [58, 59, 65, 66], [60, 61, 67, 68], [62, 63, 69, 70], [64, 65, 71, 72], [66, 67, 73, 74], [68, 69, 75, 76], [72, 73, 79, 80], [74, 75, 81, 82], [76, 77, 83, 84], [78, 79, 85, 86], [80, 81, 87, 88], [82, 83, 89, 90], [1, 2], [3, 4], [5, 6], [86, 87], [88, 89], [90, 91]]
Z_nbr: Vector{Any}[[1, 2, 8, 9], [3, 4, 10, 11], [5, 6, 12, 13], [9, 10, 16, 17], [11, 12, 18, 19], [13, 14, 20, 21], [15, 16, 22, 23], [17, 18, 24, 25], [19, 20, 26, 27], [23, 24, 30, 31], [25, 26, 32, 33], [27, 28, 34, 35], [29, 30, 36, 37], [31, 32, 38, 39], [33, 34, 40, 41], [37, 38, 44, 45], [39, 40, 46, 47], [41, 42, 48, 49], [43, 44, 50, 51], [45, 46, 52, 53], [47, 48, 54, 55], [51, 52, 58, 59], [53, 54, 60, 61], [55, 56, 62, 63], [57, 58, 64, 65], [59, 60, 66, 67], [61, 62, 68, 69], [65, 66, 72, 73], [67, 68, 74, 75], [69, 70, 76, 77], [71, 72, 78, 79], [73, 74, 80, 81], [75, 76, 82, 83], [79, 80, 86, 87], [81, 82, 88, 89], [83, 84, 90, 91], [8, 21], [22, 35], [36, 49], [50, 63], [64, 77], [78, 91], [7, 20], [21, 34], [35, 48], [49, 62], [63, 76], [77, 90]]
Col deletion:: hole = 5, Ranks-AB: 91, 91
LX + Col deletion:: , hole = 5, Ranks-KL: 90, 90
YAY: hole = 5, Ranks-(Orig,Lx_C): 91, 90
X_nbr_new: Vector{Any}[[2, 3, 8, 9], [4, 10, 11], [5, 6, 12, 13], [7, 8, 14, 15], [9, 10, 16, 17], [11, 12, 18, 19], [15, 16, 22, 23], [17, 18, 24, 25], [19, 20, 26, 27], [21, 22, 28, 29], [23, 24, 30, 31], [25, 26, 32, 33], [29, 30, 36, 37], [31, 32, 38, 39], [33, 34, 40, 41], [35, 36, 42, 43], [37, 38, 44, 45], [39, 40, 46, 47], [43, 44, 50, 51], [45, 46, 52, 53], [47, 48, 54, 55], [49, 50, 56, 57], [51, 52, 58, 59], [53, 54, 60, 61], [57, 58, 64, 65], [59, 60, 66, 67], [61, 62, 68, 69], [63, 64, 70, 71], [65, 66, 72, 73], [67, 68, 74, 75], [71, 72, 78, 79], [73, 74, 80, 81], [75, 76, 82, 83], [77, 78, 84, 85], [79, 80, 86, 87], [81, 82, 88, 89], [1, 2], [3, 4], [5], [85, 86], [87, 88], [89, 90]]
Z_nbr_new: Vector{Any}[[1, 2, 7, 8], [3, 4, 9, 10], [5, 11, 12], [8, 9, 15, 16], [10, 11, 17, 18], [12, 13, 19, 20], [14, 15, 21, 22], [16, 17, 23, 24], [18, 19, 25, 26], [22, 23, 29, 30], [24, 25, 31, 32], [26, 27, 33, 34], [28, 29, 35, 36], [30, 31, 37, 38], [32, 33, 39, 40], [36, 37, 43, 44], [38, 39, 45, 46], [40, 41, 47, 48], [42, 43, 49, 50], [44, 45, 51, 52], [46, 47, 53, 54], [50, 51, 57, 58], [52, 53, 59, 60], [54, 55, 61, 62], [56, 57, 63, 64], [58, 59, 65, 66], [60, 61, 67, 68], [64, 65, 71, 72], [66, 67, 73, 74], [68, 69, 75, 76], [70, 71, 77, 78], [72, 73, 79, 80], [74, 75, 81, 82], [78, 79, 85, 86], [80, 81, 87, 88], [82, 83, 89, 90], [7, 20], [21, 34], [35, 48], [49, 62], [63, 76], [77, 90], [6, 19], [20, 33], [34, 47], [48, 61], [62, 75], [76, 89]]
[ Info: Configuration Init
Config stabilizer dims: 180x90
Expected Len(phases) = 180,; Got 180
[ Info: SMT constraint Generation
┌ Error: The Stabilizer does not match, the program is wrong even without error insertion
└ @ QuantumSE /home/manvi-agrawal/QuantumSE.jl/src/SymbolicStabilizer.jl:519
res after constraint Gen: false
[ Info: SMT Solver Stage
7, 5, false, 91, 0.4322540760040283, 0.006250143051147461, 0.4225609302520752, 0.003443002700805664, 0.0
Total time: 2.2956509590148926
d,res_i,nq,all
7,false,91,2.2956509590148926