julia> include("example/RSC_remove_single_hole.jl")
[ Info: PRECOMPILE DONE...
-------------------------------------------------------------------
[ Info: Initialization Stage
d,q_h,res,nq,all,init,config,cons_gen,cons_sol
X_nbr: Vector{Any}[[2, 3, 7, 8], [4, 5, 9, 10], [6, 7, 11, 12], [8, 9, 13, 14], [12, 13, 17, 18], [14, 15, 19, 20], [16, 17, 21, 22], [18, 19, 23, 24], [22, 23, 27, 28], [24, 25, 29, 30], [26, 27, 31, 32], [28, 29, 33, 34], [32, 33, 37, 38], [34, 35, 39, 40], [36, 37, 41, 42], [38, 39, 43, 44], [1, 2], [3, 4], [42, 43], [44, 45]]
Z_nbr: Vector{Any}[[1, 2, 6, 7], [3, 4, 8, 9], [7, 8, 12, 13], [9, 10, 14, 15], [11, 12, 16, 17], [13, 14, 18, 19], [17, 18, 22, 23], [19, 20, 24, 25], [21, 22, 26, 27], [23, 24, 28, 29], [27, 28, 32, 33], [29, 30, 34, 35], [31, 32, 36, 37], [33, 34, 38, 39], [37, 38, 42, 43], [39, 40, 44, 45], [6, 15], [16, 25], [26, 35], [36, 45], [5, 14], [15, 24], [25, 34], [35, 44]]
Col deletion:: hole = 1, Ranks-AB: 45, 45
LX + Col deletion:: , hole = 1, Ranks-KL: 44, 44
YAY: hole = 1, Ranks-(Orig,Lx_C): 45, 44
X_nbr_new: Vector{Any}[[1, 2, 6, 7], [3, 4, 8, 9], [5, 6, 10, 11], [7, 8, 12, 13], [11, 12, 16, 17], [13, 14, 18, 19], [15, 16, 20, 21], [17, 18, 22, 23], [21, 22, 26, 27], [23, 24, 28, 29], [25, 26, 30, 31], [27, 28, 32, 33], [31, 32, 36, 37], [33, 34, 38, 39], [35, 36, 40, 41], [37, 38, 42, 43], [1], [2, 3], [41, 42], [43, 44]]
Z_nbr_new: Vector{Any}[[1, 5, 6], [2, 3, 7, 8], [6, 7, 11, 12], [8, 9, 13, 14], [10, 11, 15, 16], [12, 13, 17, 18], [16, 17, 21, 22], [18, 19, 23, 24], [20, 21, 25, 26], [22, 23, 27, 28], [26, 27, 31, 32], [28, 29, 33, 34], [30, 31, 35, 36], [32, 33, 37, 38], [36, 37, 41, 42], [38, 39, 43, 44], [5, 14], [15, 24], [25, 34], [35, 44], [4, 13], [14, 23], [24, 33], [34, 43]]
[ Info: Configuration Init
Config stabilizer dims: 88x44
Expected Len(phases) = 88,; Got 88
[ Info: SMT constraint Generation
┌ Error: The Stabilizer does not match, the program is wrong even without error insertion
└ @ QuantumSE /home/manvi-agrawal/QuantumSE.jl/src/SymbolicStabilizer.jl:519
res after constraint Gen: false
[ Info: SMT Solver Stage
5, 1, false, 45, 0.645097017288208, 0.01552581787109375, 0.6279091835021973, 0.0016620159149169922, 0.0
X_nbr: Vector{Any}[[2, 3, 7, 8], [4, 5, 9, 10], [6, 7, 11, 12], [8, 9, 13, 14], [12, 13, 17, 18], [14, 15, 19, 20], [16, 17, 21, 22], [18, 19, 23, 24], [22, 23, 27, 28], [24, 25, 29, 30], [26, 27, 31, 32], [28, 29, 33, 34], [32, 33, 37, 38], [34, 35, 39, 40], [36, 37, 41, 42], [38, 39, 43, 44], [1, 2], [3, 4], [42, 43], [44, 45]]
Z_nbr: Vector{Any}[[1, 2, 6, 7], [3, 4, 8, 9], [7, 8, 12, 13], [9, 10, 14, 15], [11, 12, 16, 17], [13, 14, 18, 19], [17, 18, 22, 23], [19, 20, 24, 25], [21, 22, 26, 27], [23, 24, 28, 29], [27, 28, 32, 33], [29, 30, 34, 35], [31, 32, 36, 37], [33, 34, 38, 39], [37, 38, 42, 43], [39, 40, 44, 45], [6, 15], [16, 25], [26, 35], [36, 45], [5, 14], [15, 24], [25, 34], [35, 44]]
Col deletion:: hole = 2, Ranks-AB: 45, 45
LX + Col deletion:: , hole = 2, Ranks-KL: 44, 44
YAY: hole = 2, Ranks-(Orig,Lx_C): 45, 44
X_nbr_new: Vector{Any}[[2, 6, 7], [3, 4, 8, 9], [5, 6, 10, 11], [7, 8, 12, 13], [11, 12, 16, 17], [13, 14, 18, 19], [15, 16, 20, 21], [17, 18, 22, 23], [21, 22, 26, 27], [23, 24, 28, 29], [25, 26, 30, 31], [27, 28, 32, 33], [31, 32, 36, 37], [33, 34, 38, 39], [35, 36, 40, 41], [37, 38, 42, 43], [1], [2, 3], [41, 42], [43, 44]]
Z_nbr_new: Vector{Any}[[1, 5, 6], [2, 3, 7, 8], [6, 7, 11, 12], [8, 9, 13, 14], [10, 11, 15, 16], [12, 13, 17, 18], [16, 17, 21, 22], [18, 19, 23, 24], [20, 21, 25, 26], [22, 23, 27, 28], [26, 27, 31, 32], [28, 29, 33, 34], [30, 31, 35, 36], [32, 33, 37, 38], [36, 37, 41, 42], [38, 39, 43, 44], [5, 14], [15, 24], [25, 34], [35, 44], [4, 13], [14, 23], [24, 33], [34, 43]]
[ Info: Configuration Init
Config stabilizer dims: 88x44
Expected Len(phases) = 88,; Got 88
[ Info: SMT constraint Generation
┌ Error: The Stabilizer does not match, the program is wrong even without error insertion
└ @ QuantumSE /home/manvi-agrawal/QuantumSE.jl/src/SymbolicStabilizer.jl:519
res after constraint Gen: false
[ Info: SMT Solver Stage
5, 2, false, 45, 0.25266504287719727, 0.004492044448852539, 0.24668288230895996, 0.0014901161193847656, 0.0
X_nbr: Vector{Any}[[2, 3, 7, 8], [4, 5, 9, 10], [6, 7, 11, 12], [8, 9, 13, 14], [12, 13, 17, 18], [14, 15, 19, 20], [16, 17, 21, 22], [18, 19, 23, 24], [22, 23, 27, 28], [24, 25, 29, 30], [26, 27, 31, 32], [28, 29, 33, 34], [32, 33, 37, 38], [34, 35, 39, 40], [36, 37, 41, 42], [38, 39, 43, 44], [1, 2], [3, 4], [42, 43], [44, 45]]
Z_nbr: Vector{Any}[[1, 2, 6, 7], [3, 4, 8, 9], [7, 8, 12, 13], [9, 10, 14, 15], [11, 12, 16, 17], [13, 14, 18, 19], [17, 18, 22, 23], [19, 20, 24, 25], [21, 22, 26, 27], [23, 24, 28, 29], [27, 28, 32, 33], [29, 30, 34, 35], [31, 32, 36, 37], [33, 34, 38, 39], [37, 38, 42, 43], [39, 40, 44, 45], [6, 15], [16, 25], [26, 35], [36, 45], [5, 14], [15, 24], [25, 34], [35, 44]]
Col deletion:: hole = 3, Ranks-AB: 45, 45
LX + Col deletion:: , hole = 3, Ranks-KL: 44, 44
YAY: hole = 3, Ranks-(Orig,Lx_C): 45, 44
X_nbr_new: Vector{Any}[[2, 6, 7], [3, 4, 8, 9], [5, 6, 10, 11], [7, 8, 12, 13], [11, 12, 16, 17], [13, 14, 18, 19], [15, 16, 20, 21], [17, 18, 22, 23], [21, 22, 26, 27], [23, 24, 28, 29], [25, 26, 30, 31], [27, 28, 32, 33], [31, 32, 36, 37], [33, 34, 38, 39], [35, 36, 40, 41], [37, 38, 42, 43], [1, 2], [3], [41, 42], [43, 44]]
Z_nbr_new: Vector{Any}[[1, 2, 5, 6], [3, 7, 8], [6, 7, 11, 12], [8, 9, 13, 14], [10, 11, 15, 16], [12, 13, 17, 18], [16, 17, 21, 22], [18, 19, 23, 24], [20, 21, 25, 26], [22, 23, 27, 28], [26, 27, 31, 32], [28, 29, 33, 34], [30, 31, 35, 36], [32, 33, 37, 38], [36, 37, 41, 42], [38, 39, 43, 44], [5, 14], [15, 24], [25, 34], [35, 44], [4, 13], [14, 23], [24, 33], [34, 43]]
[ Info: Configuration Init
Config stabilizer dims: 88x44
Expected Len(phases) = 88,; Got 88
[ Info: SMT constraint Generation
┌ Error: The Stabilizer does not match, the program is wrong even without error insertion
└ @ QuantumSE /home/manvi-agrawal/QuantumSE.jl/src/SymbolicStabilizer.jl:519
res after constraint Gen: false
[ Info: SMT Solver Stage
5, 3, false, 45, 0.3307960033416748, 0.0029349327087402344, 0.3264319896697998, 0.0014290809631347656, 0.0
X_nbr: Vector{Any}[[2, 3, 7, 8], [4, 5, 9, 10], [6, 7, 11, 12], [8, 9, 13, 14], [12, 13, 17, 18], [14, 15, 19, 20], [16, 17, 21, 22], [18, 19, 23, 24], [22, 23, 27, 28], [24, 25, 29, 30], [26, 27, 31, 32], [28, 29, 33, 34], [32, 33, 37, 38], [34, 35, 39, 40], [36, 37, 41, 42], [38, 39, 43, 44], [1, 2], [3, 4], [42, 43], [44, 45]]
Z_nbr: Vector{Any}[[1, 2, 6, 7], [3, 4, 8, 9], [7, 8, 12, 13], [9, 10, 14, 15], [11, 12, 16, 17], [13, 14, 18, 19], [17, 18, 22, 23], [19, 20, 24, 25], [21, 22, 26, 27], [23, 24, 28, 29], [27, 28, 32, 33], [29, 30, 34, 35], [31, 32, 36, 37], [33, 34, 38, 39], [37, 38, 42, 43], [39, 40, 44, 45], [6, 15], [16, 25], [26, 35], [36, 45], [5, 14], [15, 24], [25, 34], [35, 44]]
Col deletion:: hole = 4, Ranks-AB: 45, 45
LX + Col deletion:: , hole = 4, Ranks-KL: 44, 44
YAY: hole = 4, Ranks-(Orig,Lx_C): 45, 44
X_nbr_new: Vector{Any}[[2, 3, 6, 7], [4, 8, 9], [5, 6, 10, 11], [7, 8, 12, 13], [11, 12, 16, 17], [13, 14, 18, 19], [15, 16, 20, 21], [17, 18, 22, 23], [21, 22, 26, 27], [23, 24, 28, 29], [25, 26, 30, 31], [27, 28, 32, 33], [31, 32, 36, 37], [33, 34, 38, 39], [35, 36, 40, 41], [37, 38, 42, 43], [1, 2], [3], [41, 42], [43, 44]]
Z_nbr_new: Vector{Any}[[1, 2, 5, 6], [3, 7, 8], [6, 7, 11, 12], [8, 9, 13, 14], [10, 11, 15, 16], [12, 13, 17, 18], [16, 17, 21, 22], [18, 19, 23, 24], [20, 21, 25, 26], [22, 23, 27, 28], [26, 27, 31, 32], [28, 29, 33, 34], [30, 31, 35, 36], [32, 33, 37, 38], [36, 37, 41, 42], [38, 39, 43, 44], [5, 14], [15, 24], [25, 34], [35, 44], [4, 13], [14, 23], [24, 33], [34, 43]]
[ Info: Configuration Init
Config stabilizer dims: 88x44
Expected Len(phases) = 88,; Got 88
[ Info: SMT constraint Generation
┌ Error: The Stabilizer does not match, the program is wrong even without error insertion
└ @ QuantumSE /home/manvi-agrawal/QuantumSE.jl/src/SymbolicStabilizer.jl:519
res after constraint Gen: false
[ Info: SMT Solver Stage
5, 4, false, 45, 0.20267105102539062, 0.002758026123046875, 0.19867992401123047, 0.0012331008911132812, 0.0
X_nbr: Vector{Any}[[2, 3, 7, 8], [4, 5, 9, 10], [6, 7, 11, 12], [8, 9, 13, 14], [12, 13, 17, 18], [14, 15, 19, 20], [16, 17, 21, 22], [18, 19, 23, 24], [22, 23, 27, 28], [24, 25, 29, 30], [26, 27, 31, 32], [28, 29, 33, 34], [32, 33, 37, 38], [34, 35, 39, 40], [36, 37, 41, 42], [38, 39, 43, 44], [1, 2], [3, 4], [42, 43], [44, 45]]
Z_nbr: Vector{Any}[[1, 2, 6, 7], [3, 4, 8, 9], [7, 8, 12, 13], [9, 10, 14, 15], [11, 12, 16, 17], [13, 14, 18, 19], [17, 18, 22, 23], [19, 20, 24, 25], [21, 22, 26, 27], [23, 24, 28, 29], [27, 28, 32, 33], [29, 30, 34, 35], [31, 32, 36, 37], [33, 34, 38, 39], [37, 38, 42, 43], [39, 40, 44, 45], [6, 15], [16, 25], [26, 35], [36, 45], [5, 14], [15, 24], [25, 34], [35, 44]]
Col deletion:: hole = 5, Ranks-AB: 45, 45
LX + Col deletion:: , hole = 5, Ranks-KL: 44, 44
YAY: hole = 5, Ranks-(Orig,Lx_C): 45, 44
X_nbr_new: Vector{Any}[[2, 3, 6, 7], [4, 8, 9], [5, 6, 10, 11], [7, 8, 12, 13], [11, 12, 16, 17], [13, 14, 18, 19], [15, 16, 20, 21], [17, 18, 22, 23], [21, 22, 26, 27], [23, 24, 28, 29], [25, 26, 30, 31], [27, 28, 32, 33], [31, 32, 36, 37], [33, 34, 38, 39], [35, 36, 40, 41], [37, 38, 42, 43], [1, 2], [3, 4], [41, 42], [43, 44]]
Z_nbr_new: Vector{Any}[[1, 2, 5, 6], [3, 4, 7, 8], [6, 7, 11, 12], [8, 9, 13, 14], [10, 11, 15, 16], [12, 13, 17, 18], [16, 17, 21, 22], [18, 19, 23, 24], [20, 21, 25, 26], [22, 23, 27, 28], [26, 27, 31, 32], [28, 29, 33, 34], [30, 31, 35, 36], [32, 33, 37, 38], [36, 37, 41, 42], [38, 39, 43, 44], [5, 14], [15, 24], [25, 34], [35, 44], [13], [14, 23], [24, 33], [34, 43]]
[ Info: Configuration Init
Config stabilizer dims: 88x44
Expected Len(phases) = 88,; Got 88
[ Info: SMT constraint Generation
┌ Error: The Stabilizer does not match, the program is wrong even without error insertion
└ @ QuantumSE /home/manvi-agrawal/QuantumSE.jl/src/SymbolicStabilizer.jl:519
res after constraint Gen: false
[ Info: SMT Solver Stage
5, 5, false, 45, 0.1935100555419922, 0.0028328895568847656, 0.18944811820983887, 0.0012290477752685547, 0.0
Total time: 1.6248698234558105
d,res_i,nq,all
5,false,45,1.6248698234558105

julia> include("example/RSC_remove_single_hole.jl")
[ Info: PRECOMPILE DONE...
-------------------------------------------------------------------
[ Info: Initialization Stage
d,q_h,res,nq,all,init,config,cons_gen,cons_sol
X_nbr: Vector{Any}[[2, 3, 7, 8], [4, 5, 9, 10], [6, 7, 11, 12], [8, 9, 13, 14], [12, 13, 17, 18], [14, 15, 19, 20], [16, 17, 21, 22], [18, 19, 23, 24], [22, 23, 27, 28], [24, 25, 29, 30], [26, 27, 31, 32], [28, 29, 33, 34], [32, 33, 37, 38], [34, 35, 39, 40], [36, 37, 41, 42], [38, 39, 43, 44], [1, 2], [3, 4], [42, 43], [44, 45]]
Z_nbr: Vector{Any}[[1, 2, 6, 7], [3, 4, 8, 9], [7, 8, 12, 13], [9, 10, 14, 15], [11, 12, 16, 17], [13, 14, 18, 19], [17, 18, 22, 23], [19, 20, 24, 25], [21, 22, 26, 27], [23, 24, 28, 29], [27, 28, 32, 33], [29, 30, 34, 35], [31, 32, 36, 37], [33, 34, 38, 39], [37, 38, 42, 43], [39, 40, 44, 45], [6, 15], [16, 25], [26, 35], [36, 45], [5, 14], [15, 24], [25, 34], [35, 44]]
Col deletion:: hole = 1, Ranks-AB: 45, 45
LX + Col deletion:: , hole = 1, Ranks-KL: 44, 44
YAY: hole = 1, Ranks-(Orig,Lx_C): 45, 44
X_nbr_new: Vector{Any}[[1, 2, 6, 7], [3, 4, 8, 9], [5, 6, 10, 11], [7, 8, 12, 13], [11, 12, 16, 17], [13, 14, 18, 19], [15, 16, 20, 21], [17, 18, 22, 23], [21, 22, 26, 27], [23, 24, 28, 29], [25, 26, 30, 31], [27, 28, 32, 33], [31, 32, 36, 37], [33, 34, 38, 39], [35, 36, 40, 41], [37, 38, 42, 43], [1], [2, 3], [41, 42], [43, 44]]
Z_nbr_new: Vector{Any}[[1, 5, 6], [2, 3, 7, 8], [6, 7, 11, 12], [8, 9, 13, 14], [10, 11, 15, 16], [12, 13, 17, 18], [16, 17, 21, 22], [18, 19, 23, 24], [20, 21, 25, 26], [22, 23, 27, 28], [26, 27, 31, 32], [28, 29, 33, 34], [30, 31, 35, 36], [32, 33, 37, 38], [36, 37, 41, 42], [38, 39, 43, 44], [5, 14], [15, 24], [25, 34], [35, 44], [4, 13], [14, 23], [24, 33], [34, 43]]
[ Info: Configuration Init
Config stabilizer dims: 88x44
Expected Len(phases) = 88,; Got 88
[ Info: SMT constraint Generation
┌ Error: The Stabilizer does not match, the program is wrong even without error insertion
└ @ QuantumSE /home/manvi-agrawal/QuantumSE.jl/src/SymbolicStabilizer.jl:519
res after constraint Gen: false
[ Info: SMT Solver Stage
5, 1, false, 45, 0.5376660823822021, 0.011288166046142578, 0.5250530242919922, 0.0013248920440673828, 0.0
X_nbr: Vector{Any}[[2, 3, 7, 8], [4, 5, 9, 10], [6, 7, 11, 12], [8, 9, 13, 14], [12, 13, 17, 18], [14, 15, 19, 20], [16, 17, 21, 22], [18, 19, 23, 24], [22, 23, 27, 28], [24, 25, 29, 30], [26, 27, 31, 32], [28, 29, 33, 34], [32, 33, 37, 38], [34, 35, 39, 40], [36, 37, 41, 42], [38, 39, 43, 44], [1, 2], [3, 4], [42, 43], [44, 45]]
Z_nbr: Vector{Any}[[1, 2, 6, 7], [3, 4, 8, 9], [7, 8, 12, 13], [9, 10, 14, 15], [11, 12, 16, 17], [13, 14, 18, 19], [17, 18, 22, 23], [19, 20, 24, 25], [21, 22, 26, 27], [23, 24, 28, 29], [27, 28, 32, 33], [29, 30, 34, 35], [31, 32, 36, 37], [33, 34, 38, 39], [37, 38, 42, 43], [39, 40, 44, 45], [6, 15], [16, 25], [26, 35], [36, 45], [5, 14], [15, 24], [25, 34], [35, 44]]
Col deletion:: hole = 2, Ranks-AB: 45, 45
LX + Col deletion:: , hole = 2, Ranks-KL: 44, 44
YAY: hole = 2, Ranks-(Orig,Lx_C): 45, 44
X_nbr_new: Vector{Any}[[2, 6, 7], [3, 4, 8, 9], [5, 6, 10, 11], [7, 8, 12, 13], [11, 12, 16, 17], [13, 14, 18, 19], [15, 16, 20, 21], [17, 18, 22, 23], [21, 22, 26, 27], [23, 24, 28, 29], [25, 26, 30, 31], [27, 28, 32, 33], [31, 32, 36, 37], [33, 34, 38, 39], [35, 36, 40, 41], [37, 38, 42, 43], [1], [2, 3], [41, 42], [43, 44]]
Z_nbr_new: Vector{Any}[[1, 5, 6], [2, 3, 7, 8], [6, 7, 11, 12], [8, 9, 13, 14], [10, 11, 15, 16], [12, 13, 17, 18], [16, 17, 21, 22], [18, 19, 23, 24], [20, 21, 25, 26], [22, 23, 27, 28], [26, 27, 31, 32], [28, 29, 33, 34], [30, 31, 35, 36], [32, 33, 37, 38], [36, 37, 41, 42], [38, 39, 43, 44], [5, 14], [15, 24], [25, 34], [35, 44], [4, 13], [14, 23], [24, 33], [34, 43]]
[ Info: Configuration Init
Config stabilizer dims: 88x44
Expected Len(phases) = 88,; Got 88
[ Info: SMT constraint Generation
┌ Error: The Stabilizer does not match, the program is wrong even without error insertion
└ @ QuantumSE /home/manvi-agrawal/QuantumSE.jl/src/SymbolicStabilizer.jl:519
res after constraint Gen: false
[ Info: SMT Solver Stage
5, 2, false, 45, 0.22861099243164062, 0.0031850337982177734, 0.22343111038208008, 0.0019948482513427734, 0.0
X_nbr: Vector{Any}[[2, 3, 7, 8], [4, 5, 9, 10], [6, 7, 11, 12], [8, 9, 13, 14], [12, 13, 17, 18], [14, 15, 19, 20], [16, 17, 21, 22], [18, 19, 23, 24], [22, 23, 27, 28], [24, 25, 29, 30], [26, 27, 31, 32], [28, 29, 33, 34], [32, 33, 37, 38], [34, 35, 39, 40], [36, 37, 41, 42], [38, 39, 43, 44], [1, 2], [3, 4], [42, 43], [44, 45]]
Z_nbr: Vector{Any}[[1, 2, 6, 7], [3, 4, 8, 9], [7, 8, 12, 13], [9, 10, 14, 15], [11, 12, 16, 17], [13, 14, 18, 19], [17, 18, 22, 23], [19, 20, 24, 25], [21, 22, 26, 27], [23, 24, 28, 29], [27, 28, 32, 33], [29, 30, 34, 35], [31, 32, 36, 37], [33, 34, 38, 39], [37, 38, 42, 43], [39, 40, 44, 45], [6, 15], [16, 25], [26, 35], [36, 45], [5, 14], [15, 24], [25, 34], [35, 44]]
Col deletion:: hole = 3, Ranks-AB: 45, 45
LX + Col deletion:: , hole = 3, Ranks-KL: 44, 44
YAY: hole = 3, Ranks-(Orig,Lx_C): 45, 44
X_nbr_new: Vector{Any}[[2, 6, 7], [3, 4, 8, 9], [5, 6, 10, 11], [7, 8, 12, 13], [11, 12, 16, 17], [13, 14, 18, 19], [15, 16, 20, 21], [17, 18, 22, 23], [21, 22, 26, 27], [23, 24, 28, 29], [25, 26, 30, 31], [27, 28, 32, 33], [31, 32, 36, 37], [33, 34, 38, 39], [35, 36, 40, 41], [37, 38, 42, 43], [1, 2], [3], [41, 42], [43, 44]]
Z_nbr_new: Vector{Any}[[1, 2, 5, 6], [3, 7, 8], [6, 7, 11, 12], [8, 9, 13, 14], [10, 11, 15, 16], [12, 13, 17, 18], [16, 17, 21, 22], [18, 19, 23, 24], [20, 21, 25, 26], [22, 23, 27, 28], [26, 27, 31, 32], [28, 29, 33, 34], [30, 31, 35, 36], [32, 33, 37, 38], [36, 37, 41, 42], [38, 39, 43, 44], [5, 14], [15, 24], [25, 34], [35, 44], [4, 13], [14, 23], [24, 33], [34, 43]]
[ Info: Configuration Init
Config stabilizer dims: 88x44
Expected Len(phases) = 88,; Got 88
[ Info: SMT constraint Generation
┌ Error: The Stabilizer does not match, the program is wrong even without error insertion
└ @ QuantumSE /home/manvi-agrawal/QuantumSE.jl/src/SymbolicStabilizer.jl:519
res after constraint Gen: false
[ Info: SMT Solver Stage
5, 3, false, 45, 0.20656299591064453, 0.004347801208496094, 0.20084905624389648, 0.0013661384582519531, 0.0
X_nbr: Vector{Any}[[2, 3, 7, 8], [4, 5, 9, 10], [6, 7, 11, 12], [8, 9, 13, 14], [12, 13, 17, 18], [14, 15, 19, 20], [16, 17, 21, 22], [18, 19, 23, 24], [22, 23, 27, 28], [24, 25, 29, 30], [26, 27, 31, 32], [28, 29, 33, 34], [32, 33, 37, 38], [34, 35, 39, 40], [36, 37, 41, 42], [38, 39, 43, 44], [1, 2], [3, 4], [42, 43], [44, 45]]
Z_nbr: Vector{Any}[[1, 2, 6, 7], [3, 4, 8, 9], [7, 8, 12, 13], [9, 10, 14, 15], [11, 12, 16, 17], [13, 14, 18, 19], [17, 18, 22, 23], [19, 20, 24, 25], [21, 22, 26, 27], [23, 24, 28, 29], [27, 28, 32, 33], [29, 30, 34, 35], [31, 32, 36, 37], [33, 34, 38, 39], [37, 38, 42, 43], [39, 40, 44, 45], [6, 15], [16, 25], [26, 35], [36, 45], [5, 14], [15, 24], [25, 34], [35, 44]]
Col deletion:: hole = 4, Ranks-AB: 45, 45
LX + Col deletion:: , hole = 4, Ranks-KL: 44, 44
YAY: hole = 4, Ranks-(Orig,Lx_C): 45, 44
X_nbr_new: Vector{Any}[[2, 3, 6, 7], [4, 8, 9], [5, 6, 10, 11], [7, 8, 12, 13], [11, 12, 16, 17], [13, 14, 18, 19], [15, 16, 20, 21], [17, 18, 22, 23], [21, 22, 26, 27], [23, 24, 28, 29], [25, 26, 30, 31], [27, 28, 32, 33], [31, 32, 36, 37], [33, 34, 38, 39], [35, 36, 40, 41], [37, 38, 42, 43], [1, 2], [3], [41, 42], [43, 44]]
Z_nbr_new: Vector{Any}[[1, 2, 5, 6], [3, 7, 8], [6, 7, 11, 12], [8, 9, 13, 14], [10, 11, 15, 16], [12, 13, 17, 18], [16, 17, 21, 22], [18, 19, 23, 24], [20, 21, 25, 26], [22, 23, 27, 28], [26, 27, 31, 32], [28, 29, 33, 34], [30, 31, 35, 36], [32, 33, 37, 38], [36, 37, 41, 42], [38, 39, 43, 44], [5, 14], [15, 24], [25, 34], [35, 44], [4, 13], [14, 23], [24, 33], [34, 43]]
[ Info: Configuration Init
Config stabilizer dims: 88x44
Expected Len(phases) = 88,; Got 88
[ Info: SMT constraint Generation
┌ Error: The Stabilizer does not match, the program is wrong even without error insertion
└ @ QuantumSE /home/manvi-agrawal/QuantumSE.jl/src/SymbolicStabilizer.jl:519
res after constraint Gen: false
[ Info: SMT Solver Stage
5, 4, false, 45, 0.22439217567443848, 0.0032160282135009766, 0.21950197219848633, 0.0016741752624511719, 0.0
X_nbr: Vector{Any}[[2, 3, 7, 8], [4, 5, 9, 10], [6, 7, 11, 12], [8, 9, 13, 14], [12, 13, 17, 18], [14, 15, 19, 20], [16, 17, 21, 22], [18, 19, 23, 24], [22, 23, 27, 28], [24, 25, 29, 30], [26, 27, 31, 32], [28, 29, 33, 34], [32, 33, 37, 38], [34, 35, 39, 40], [36, 37, 41, 42], [38, 39, 43, 44], [1, 2], [3, 4], [42, 43], [44, 45]]
Z_nbr: Vector{Any}[[1, 2, 6, 7], [3, 4, 8, 9], [7, 8, 12, 13], [9, 10, 14, 15], [11, 12, 16, 17], [13, 14, 18, 19], [17, 18, 22, 23], [19, 20, 24, 25], [21, 22, 26, 27], [23, 24, 28, 29], [27, 28, 32, 33], [29, 30, 34, 35], [31, 32, 36, 37], [33, 34, 38, 39], [37, 38, 42, 43], [39, 40, 44, 45], [6, 15], [16, 25], [26, 35], [36, 45], [5, 14], [15, 24], [25, 34], [35, 44]]
Col deletion:: hole = 5, Ranks-AB: 45, 45
LX + Col deletion:: , hole = 5, Ranks-KL: 44, 44
YAY: hole = 5, Ranks-(Orig,Lx_C): 45, 44
X_nbr_new: Vector{Any}[[2, 3, 6, 7], [4, 8, 9], [5, 6, 10, 11], [7, 8, 12, 13], [11, 12, 16, 17], [13, 14, 18, 19], [15, 16, 20, 21], [17, 18, 22, 23], [21, 22, 26, 27], [23, 24, 28, 29], [25, 26, 30, 31], [27, 28, 32, 33], [31, 32, 36, 37], [33, 34, 38, 39], [35, 36, 40, 41], [37, 38, 42, 43], [1, 2], [3, 4], [41, 42], [43, 44]]
Z_nbr_new: Vector{Any}[[1, 2, 5, 6], [3, 4, 7, 8], [6, 7, 11, 12], [8, 9, 13, 14], [10, 11, 15, 16], [12, 13, 17, 18], [16, 17, 21, 22], [18, 19, 23, 24], [20, 21, 25, 26], [22, 23, 27, 28], [26, 27, 31, 32], [28, 29, 33, 34], [30, 31, 35, 36], [32, 33, 37, 38], [36, 37, 41, 42], [38, 39, 43, 44], [5, 14], [15, 24], [25, 34], [35, 44], [13], [14, 23], [24, 33], [34, 43]]
[ Info: Configuration Init
Config stabilizer dims: 88x44
Expected Len(phases) = 88,; Got 88
[ Info: SMT constraint Generation
┌ Error: The Stabilizer does not match, the program is wrong even without error insertion
└ @ QuantumSE /home/manvi-agrawal/QuantumSE.jl/src/SymbolicStabilizer.jl:519
res after constraint Gen: false
[ Info: SMT Solver Stage
5, 5, false, 45, 0.2234029769897461, 0.003412961959838867, 0.21861600875854492, 0.0013740062713623047, 0.0
Total time: 1.4207279682159424
d,res_i,nq,all
5,false,45,1.4207279682159424