julia> include("example/RSC_Rect_double_hole.jl")
[ Info: PRECOMPILE DONE...
-------------------------------------------------------------------
[ Info: Initialization Stage
d,q_h,res,nq,all,init,config,cons_gen,cons_sol
Iterating for holes=[43 42]
X_nbr: Vector{Any}[[2, 3, 7, 8], [4, 5, 9, 10], [6, 7, 11, 12], [8, 9, 13, 14], [12, 13, 17, 18], [14, 15, 19, 20], [16, 17, 21, 22], [18, 19, 23, 24], [22, 23, 27, 28], [24, 25, 29, 30], [26, 27, 31, 32], [28, 29, 33, 34], [32, 33, 37, 38], [34, 35, 39, 40], [36, 37, 41, 42], [38, 39, 43, 44], [1, 2], [3, 4], [42, 43], [44, 45]]
Z_nbr: Vector{Any}[[1, 2, 6, 7], [3, 4, 8, 9], [7, 8, 12, 13], [9, 10, 14, 15], [11, 12, 16, 17], [13, 14, 18, 19], [17, 18, 22, 23], [19, 20, 24, 25], [21, 22, 26, 27], [23, 24, 28, 29], [27, 28, 32, 33], [29, 30, 34, 35], [31, 32, 36, 37], [33, 34, 38, 39], [37, 38, 42, 43], [39, 40, 44, 45], [6, 15], [16, 25], [26, 35], [36, 45], [5, 14], [15, 24], [25, 34], [35, 44]]
Col deletion:: holes = [43 42], Ranks-AB: 45, 45
k_new dims: (44, 86)
L dims: (44, 86)
LX + Col deletion:: , holes = [43 42], Ranks-KL: 43, 43
YAY: holes = [43 42], Ranks-(Orig,Lx_C): 45, 43
X_nbr_new: Vector{Any}[[2, 3, 7, 8], [4, 5, 9, 10], [6, 7, 11, 12], [8, 9, 13, 14], [12, 13, 17, 18], [14, 15, 19, 20], [16, 17, 21, 22], [18, 19, 23, 24], [22, 23, 27, 28], [24, 25, 29, 30], [26, 27, 31, 32], [28, 29, 33, 34], [32, 33, 37, 38], [34, 35, 39, 40], [36, 37, 41], [38, 39, 42], [1, 2], [3, 4], [42, 43]]
Z_nbr_new: Vector{Any}[[1, 2, 6, 7], [3, 4, 8, 9], [7, 8, 12, 13], [9, 10, 14, 15], [11, 12, 16, 17], [13, 14, 18, 19], [17, 18, 22, 23], [19, 20, 24, 25], [21, 22, 26, 27], [23, 24, 28, 29], [27, 28, 32, 33], [29, 30, 34, 35], [31, 32, 36, 37], [33, 34, 38, 39], [37, 38], [39, 40, 42, 43], [6, 15], [16, 25], [26, 35], [36, 43], [5, 14], [15, 24], [25, 34], [35, 42]]
[ Info: Configuration Init
Config stabilizer dims: (43, 86)
Expected Len(phases) = 86,; Got 86
[ Info: SMT constraint Generation
┌ Error: The Stabilizer does not match, the program is wrong even without error insertion
└ @ QuantumSE /home/manvi-agrawal/QuantumSE.jl/src/SymbolicStabilizer.jl:519
res after constraint Gen: false
[ Info: SMT Solver Stage
5, [43 42], false, 45, 3.3954951763153076, 1.685513973236084, 1.7045421600341797, 0.005439043045043945, 0.0
Iterating for holes=[44, 26]
X_nbr: Vector{Any}[[2, 3, 7, 8], [4, 5, 9, 10], [6, 7, 11, 12], [8, 9, 13, 14], [12, 13, 17, 18], [14, 15, 19, 20], [16, 17, 21, 22], [18, 19, 23, 24], [22, 23, 27, 28], [24, 25, 29, 30], [26, 27, 31, 32], [28, 29, 33, 34], [32, 33, 37, 38], [34, 35, 39, 40], [36, 37, 41, 42], [38, 39, 43, 44], [1, 2], [3, 4], [42, 43], [44, 45]]
Z_nbr: Vector{Any}[[1, 2, 6, 7], [3, 4, 8, 9], [7, 8, 12, 13], [9, 10, 14, 15], [11, 12, 16, 17], [13, 14, 18, 19], [17, 18, 22, 23], [19, 20, 24, 25], [21, 22, 26, 27], [23, 24, 28, 29], [27, 28, 32, 33], [29, 30, 34, 35], [31, 32, 36, 37], [33, 34, 38, 39], [37, 38, 42, 43], [39, 40, 44, 45], [6, 15], [16, 25], [26, 35], [36, 45], [5, 14], [15, 24], [25, 34], [35, 44]]
Col deletion:: holes = [44, 26], Ranks-AB: 45, 45
k_new dims: (44, 86)
L dims: (44, 86)
LX + Col deletion:: , holes = [44, 26], Ranks-KL: 43, 43
YAY: holes = [44, 26], Ranks-(Orig,Lx_C): 45, 43
X_nbr_new: Vector{Any}[[2, 3, 7, 8], [4, 5, 9, 10], [6, 7, 11, 12], [8, 9, 13, 14], [12, 13, 17, 18], [14, 15, 19, 20], [16, 17, 21, 22], [18, 19, 23, 24], [22, 23, 26, 27], [24, 25, 28, 29], [26, 30, 31], [27, 28, 32, 33], [31, 32, 36, 37], [33, 34, 38, 39], [35, 36, 40, 41], [37, 38, 42], [1, 2], [3, 4], [41, 42], [43]]
Z_nbr_new: Vector{Any}[[1, 2, 6, 7], [3, 4, 8, 9], [7, 8, 12, 13], [9, 10, 14, 15], [11, 12, 16, 17], [13, 14, 18, 19], [17, 18, 22, 23], [19, 20, 24, 25], [21, 22, 26], [23, 24, 27, 28], [26, 27, 31, 32], [28, 29, 33, 34], [30, 31, 35, 36], [32, 33, 37, 38], [36, 37, 41, 42], [38, 39, 43], [6, 15], [16, 25], [34], [35, 43], [5, 14], [15, 24], [25, 33], [34]]
[ Info: Configuration Init
Config stabilizer dims: (43, 86)
Expected Len(phases) = 86,; Got 86
[ Info: SMT constraint Generation
┌ Error: The Stabilizer does not match, the program is wrong even without error insertion
└ @ QuantumSE /home/manvi-agrawal/QuantumSE.jl/src/SymbolicStabilizer.jl:519
res after constraint Gen: false
[ Info: SMT Solver Stage
5, [44, 26], false, 45, 0.46697092056274414, 0.2817089557647705, 0.18392205238342285, 0.0013399124145507812, 0.0
Iterating for holes=[44 35]
X_nbr: Vector{Any}[[2, 3, 7, 8], [4, 5, 9, 10], [6, 7, 11, 12], [8, 9, 13, 14], [12, 13, 17, 18], [14, 15, 19, 20], [16, 17, 21, 22], [18, 19, 23, 24], [22, 23, 27, 28], [24, 25, 29, 30], [26, 27, 31, 32], [28, 29, 33, 34], [32, 33, 37, 38], [34, 35, 39, 40], [36, 37, 41, 42], [38, 39, 43, 44], [1, 2], [3, 4], [42, 43], [44, 45]]
Z_nbr: Vector{Any}[[1, 2, 6, 7], [3, 4, 8, 9], [7, 8, 12, 13], [9, 10, 14, 15], [11, 12, 16, 17], [13, 14, 18, 19], [17, 18, 22, 23], [19, 20, 24, 25], [21, 22, 26, 27], [23, 24, 28, 29], [27, 28, 32, 33], [29, 30, 34, 35], [31, 32, 36, 37], [33, 34, 38, 39], [37, 38, 42, 43], [39, 40, 44, 45], [6, 15], [16, 25], [26, 35], [36, 45], [5, 14], [15, 24], [25, 34], [35, 44]]
Col deletion:: holes = [44 35], Ranks-AB: 45, 45
k_new dims: (44, 86)
L dims: (44, 86)
LX + Col deletion:: , holes = [44 35], Ranks-KL: 43, 43
YAY: holes = [44 35], Ranks-(Orig,Lx_C): 45, 43
X_nbr_new: Vector{Any}[[2, 3, 7, 8], [4, 5, 9, 10], [6, 7, 11, 12], [8, 9, 13, 14], [12, 13, 17, 18], [14, 15, 19, 20], [16, 17, 21, 22], [18, 19, 23, 24], [22, 23, 27, 28], [24, 25, 29, 30], [26, 27, 31, 32], [28, 29, 33, 34], [32, 33, 36, 37], [34, 38, 39], [35, 36, 40, 41], [37, 38, 42], [1, 2], [3, 4], [41, 42], [43]]
Z_nbr_new: Vector{Any}[[1, 2, 6, 7], [3, 4, 8, 9], [7, 8, 12, 13], [9, 10, 14, 15], [11, 12, 16, 17], [13, 14, 18, 19], [17, 18, 22, 23], [19, 20, 24, 25], [21, 22, 26, 27], [23, 24, 28, 29], [27, 28, 32, 33], [29, 30, 34], [31, 32, 35, 36], [33, 34, 37, 38], [36, 37, 41, 42], [38, 39, 43], [6, 15], [16, 25], [26], [35, 43], [5, 14], [15, 24], [25, 34]]
[ Info: Configuration Init
Config stabilizer dims: (43, 86)
Expected Len(phases) = 86,; Got 86
[ Info: SMT constraint Generation
┌ Error: The Stabilizer does not match, the program is wrong even without error insertion
└ @ QuantumSE /home/manvi-agrawal/QuantumSE.jl/src/SymbolicStabilizer.jl:519
res after constraint Gen: false
[ Info: SMT Solver Stage
5, [44 35], false, 45, 0.23148894309997559, 0.004608869552612305, 0.22362589836120605, 0.0032541751861572266, 0.0
Iterating for holes=[45 36]
X_nbr: Vector{Any}[[2, 3, 7, 8], [4, 5, 9, 10], [6, 7, 11, 12], [8, 9, 13, 14], [12, 13, 17, 18], [14, 15, 19, 20], [16, 17, 21, 22], [18, 19, 23, 24], [22, 23, 27, 28], [24, 25, 29, 30], [26, 27, 31, 32], [28, 29, 33, 34], [32, 33, 37, 38], [34, 35, 39, 40], [36, 37, 41, 42], [38, 39, 43, 44], [1, 2], [3, 4], [42, 43], [44, 45]]
Z_nbr: Vector{Any}[[1, 2, 6, 7], [3, 4, 8, 9], [7, 8, 12, 13], [9, 10, 14, 15], [11, 12, 16, 17], [13, 14, 18, 19], [17, 18, 22, 23], [19, 20, 24, 25], [21, 22, 26, 27], [23, 24, 28, 29], [27, 28, 32, 33], [29, 30, 34, 35], [31, 32, 36, 37], [33, 34, 38, 39], [37, 38, 42, 43], [39, 40, 44, 45], [6, 15], [16, 25], [26, 35], [36, 45], [5, 14], [15, 24], [25, 34], [35, 44]]
Col deletion:: holes = [45 36], Ranks-AB: 45, 45
k_new dims: (44, 86)
L dims: (44, 86)
LX + Col deletion:: , holes = [45 36], Ranks-KL: 43, 43
YAY: holes = [45 36], Ranks-(Orig,Lx_C): 45, 43
X_nbr_new: Vector{Any}[[2, 3, 7, 8], [4, 5, 9, 10], [6, 7, 11, 12], [8, 9, 13, 14], [12, 13, 17, 18], [14, 15, 19, 20], [16, 17, 21, 22], [18, 19, 23, 24], [22, 23, 27, 28], [24, 25, 29, 30], [26, 27, 31, 32], [28, 29, 33, 34], [32, 33, 36, 37], [34, 35, 38, 39], [36, 40, 41], [37, 38, 42, 43], [1, 2], [3, 4], [41, 42], [43]]
Z_nbr_new: Vector{Any}[[1, 2, 6, 7], [3, 4, 8, 9], [7, 8, 12, 13], [9, 10, 14, 15], [11, 12, 16, 17], [13, 14, 18, 19], [17, 18, 22, 23], [19, 20, 24, 25], [21, 22, 26, 27], [23, 24, 28, 29], [27, 28, 32, 33], [29, 30, 34, 35], [31, 32, 36], [33, 34, 37, 38], [36, 37, 41, 42], [38, 39, 43], [6, 15], [16, 25], [26, 35], [5, 14], [15, 24], [25, 34], [35, 43]]
[ Info: Configuration Init
Config stabilizer dims: (43, 86)
Expected Len(phases) = 86,; Got 86
[ Info: SMT constraint Generation
┌ Error: The Stabilizer does not match, the program is wrong even without error insertion
└ @ QuantumSE /home/manvi-agrawal/QuantumSE.jl/src/SymbolicStabilizer.jl:519
res after constraint Gen: false
[ Info: SMT Solver Stage
5, [45 36], false, 45, 0.22025203704833984, 0.00580906867980957, 0.21340107917785645, 0.0010418891906738281, 0.0
Iterating for holes=[45 44]
X_nbr: Vector{Any}[[2, 3, 7, 8], [4, 5, 9, 10], [6, 7, 11, 12], [8, 9, 13, 14], [12, 13, 17, 18], [14, 15, 19, 20], [16, 17, 21, 22], [18, 19, 23, 24], [22, 23, 27, 28], [24, 25, 29, 30], [26, 27, 31, 32], [28, 29, 33, 34], [32, 33, 37, 38], [34, 35, 39, 40], [36, 37, 41, 42], [38, 39, 43, 44], [1, 2], [3, 4], [42, 43], [44, 45]]
Z_nbr: Vector{Any}[[1, 2, 6, 7], [3, 4, 8, 9], [7, 8, 12, 13], [9, 10, 14, 15], [11, 12, 16, 17], [13, 14, 18, 19], [17, 18, 22, 23], [19, 20, 24, 25], [21, 22, 26, 27], [23, 24, 28, 29], [27, 28, 32, 33], [29, 30, 34, 35], [31, 32, 36, 37], [33, 34, 38, 39], [37, 38, 42, 43], [39, 40, 44, 45], [6, 15], [16, 25], [26, 35], [36, 45], [5, 14], [15, 24], [25, 34], [35, 44]]
Col deletion:: holes = [45 44], Ranks-AB: 45, 45
k_new dims: (44, 86)
L dims: (44, 86)
LX + Col deletion:: , holes = [45 44], Ranks-KL: 43, 43
YAY: holes = [45 44], Ranks-(Orig,Lx_C): 45, 43
X_nbr_new: Vector{Any}[[2, 3, 7, 8], [4, 5, 9, 10], [6, 7, 11, 12], [8, 9, 13, 14], [12, 13, 17, 18], [14, 15, 19, 20], [16, 17, 21, 22], [18, 19, 23, 24], [22, 23, 27, 28], [24, 25, 29, 30], [26, 27, 31, 32], [28, 29, 33, 34], [32, 33, 37, 38], [34, 35, 39, 40], [36, 37, 41, 42], [38, 39, 43], [1, 2], [3, 4], [42, 43]]
Z_nbr_new: Vector{Any}[[1, 2, 6, 7], [3, 4, 8, 9], [7, 8, 12, 13], [9, 10, 14, 15], [11, 12, 16, 17], [13, 14, 18, 19], [17, 18, 22, 23], [19, 20, 24, 25], [21, 22, 26, 27], [23, 24, 28, 29], [27, 28, 32, 33], [29, 30, 34, 35], [31, 32, 36, 37], [33, 34, 38, 39], [37, 38, 42, 43], [39, 40], [6, 15], [16, 25], [26, 35], [36], [5, 14], [15, 24], [25, 34], [35]]
[ Info: Configuration Init
Config stabilizer dims: (43, 86)
Expected Len(phases) = 86,; Got 86
[ Info: SMT constraint Generation
┌ Error: The Stabilizer does not match, the program is wrong even without error insertion
└ @ QuantumSE /home/manvi-agrawal/QuantumSE.jl/src/SymbolicStabilizer.jl:519
res after constraint Gen: false
[ Info: SMT Solver Stage
5, [45 44], false, 45, 0.1848459243774414, 0.002780914306640625, 0.18088507652282715, 0.0011799335479736328, 0.0
Total time: 4.604047775268555
d,res_i,nq,all
5,false,45,4.604047775268555

julia> 